% T = [
% 10.61 11.02;
% 28.23 28.86;
% 8.8 9.417;
% 8.734 9.067;
% 8.81 9.2;
% 6.375 6.85;
% 7.626 8.134;
% 6.758 7.474;
% 9.618 10.23;
% 5.442 5.959;
% 7.109 8;
% 9.009 9.426;
% 7.216 8;
% 8.017 8.867;
% 6.175 7.017;
% 6.376 7.226;
% 5.826 6.759;
% 7.768 8.459;
% 8.55 9.217;
% 5.7 6.35;
% 7.017 7.875;
% 9.308 9.892;
% 4.984 5.75;
% 6.526 7.143;
% 8.076 8.817;
% 6.35 7.076;
% 4.767 5.559;
% 9.292 10.26;
% 9.093 9.926;
% 5.658 6.392;
% 6.517 6.909;
% ];

% THROW
% T = [
% 6.309 6.934;
% 4.684 5.367;
% 7.434 8.184;
% 5.376 5.718;
% 4.483 5.267;
% 5.201 5.927;
% 4.676 5.251;
% 5.317 6.009;
% 5.175 5.901;
% 4.434 5.242;
% 5.634 6.509;
% 5.484 5.934;
% 5.067 5.951;
% 5.408 6.359;
% 4.717 5.226;
% ];

% UTRAJ
T = [
4.184 5.009;
3.576 4.35;
4.134 4.25;
3.926 4.526;
4.542 5.233;
4.267 5.1;
4.759 5.351;
3.384 3.667;
3.967 4.85;
3.775 4.308;
3.534 4.284;
3.609 4.301;
];