 p1	 51.67
 p2	 23.94
 p3	 1.78
 p4	 6.57
 p5	 0.98
 p6	 0.53

Ixx = 2.15e-006*Ixx;
Iyy = 2.15e-006*Iyy;
Izz = 4.29e-006*Izz;
Ixy = 2.37e-007*Ixy;
Kf = 0.005022393588278*Kf;
Km = -1.400164274777642e-06*Km;

Ixx = 1.1109e-04
Iyy = 5.1471e-05
Izz = 7.6362e-06
Ixy = 1.5571e-06
Kf = 0.004921945716505
Km = 7.420870656321504e-07