Ixxyy =	11.14;
Izz = 7.54;
Ixy =	0.00;
Kf = 1.00;
Km = 13.27;

Ixx = 2.15e-006*Ixxyy
Iyy = 2.15e-006*Ixxyy
Izz = 4.29e-006*Izz
Ixy = 2.37e-007*Ixy
Kf = 0.005022393588278*Kf
Km = -1.400164274777642e-06*Km

